ljuto_P_skriboo_2019-9-17-12-39-32 8.80200 0.57112 0.42888 86.95690 319.64228 96.95814 11 10 0.38251 0.80420 0.15981 20.37634 20.46595 17.16375 17.58748 1 -11.00723 32.50000 40.33333 52 110
ljuto_P_skriboo_2019-9-17-12-39-44 4.36200 0.75103 0.24897 120.41457 357.09686 72.01619 6 5 0.43691 0.83960 0.15570 27.00364 29.81818 16.02587 17.65514 1 3.85842 26.00000 40.50000 35 124
ljuto_P_skriboo_2019-9-17-12-39-55 6.17700 0.74259 0.25741 102.71990 432.87900 276.04850 9 8 0.37435 0.62100 0.11342 27.08651 28.58524 15.65615 16.57323 1 -7.67752 42.50000 29.00000 50 158
ljuto_P_skriboo_2019-9-17-12-40-22 4.99200 0.74459 0.25541 124.28858 457.39192 248.05013 8 7 0.39525 0.67350 0.11222 27.21118 29.79503 16.16269 17.69405 1 -2.06112 45.00000 92.00000 42 114
ljuto_P_skriboo_2019-9-17-12-40-13 4.35400 0.71865 0.28135 130.10510 365.75415 49.96889 9 8 0.39223 0.64300 0.15228 24.69039 27.91459 15.47856 17.28645 -1 -5.21929 56.00000 25.50000 60 134
ljuto_P_skriboo_2019-9-17-12-40-32 5.55100 0.70798 0.29202 122.65736 337.85937 56.91849 11 10 0.38544 0.63250 0.13943 25.36565 29.79778 16.21896 19.03026 2 -9.08697 47.00000 49.00000 44 136
ljuto_P_skriboo_2019-9-17-12-40-51 4.35300 0.79577 0.20423 153.32524 560.19575 264.11124 7 6 0.44338 0.60980 0.14757 20.67033 25.08791 10.43120 12.36603 -1 0.25514 26.50000 33.66667 38 210
ljuto_P_skriboo_2019-9-17-12-40-43 6.35000 0.53244 0.46756 90.73408 352.51000 74.15487 10 9 0.39558 0.65280 0.15153 19.41834 22.48997 14.34819 16.83978 -1 16.78316 76.00000 32.50000 61 159
ljuto_P_skriboo_2019-9-17-12-41-15 3.86000 0.76166 0.23834 149.72112 466.84236 97.65543 8 7 0.41245 0.69380 0.15054 21.08032 27.38956 11.90256 15.39680 -1 2.90489 58.00000 38.50000 31 264
ljuto_P_skriboo_2019-9-17-12-40-6 6.13400 0.68585 0.31415 99.50775 305.81281 45.59552 12 11 0.39843 0.82050 0.17895 25.75373 26.72388 16.95900 17.98076 3 -4.92607 42.50000 21.66667 58 86
ljuto_P_skriboo_2019-9-17-12-41-3 5.57500 0.70978 0.29022 123.03204 346.14663 32.16490 11 10 0.37608 0.65960 0.14246 21.82192 26.04384 13.99131 16.34310 4 4.25265 44.50000 25.66667 69 176
ljuto_P_skriboo_2019-9-17-12-41-34 6.24900 0.65947 0.34053 105.17898 325.76031 78.03084 13 12 0.38791 0.69030 0.16562 20.03902 23.59268 14.54723 17.01710 2 4.99030 43.66667 38.66667 55 185
ljuto_P_skriboo_2019-9-17-12-41-42 4.43400 0.76545 0.23455 119.92377 344.26767 105.34018 8 7 0.42153 0.62420 0.14838 19.17544 23.05263 10.79698 13.10443 5 8.71584 72.00000 32.00000 48 194
ljuto_P_skriboo_2019-9-17-12-41-23 4.58800 0.76068 0.23932 135.45143 502.75593 175.53678 8 7 0.42396 0.62390 0.15737 22.97297 25.06419 12.79907 13.97744 2 -2.97053 41.00000 39.00000 61 187
ljuto_P_skriboo_2019-9-17-12-42-11 5.19000 0.61696 0.38304 120.36694 353.22377 56.41171 8 7 0.42747 0.60850 0.15306 21.00604 24.59215 16.17180 18.83967 -1 0.76038 39.00000 36.00000 47 183
ljuto_P_skriboo_2019-9-17-12-42-2 5.94100 0.66134 0.33866 124.79875 377.66093 83.81365 14 13 0.38587 0.63410 0.16275 21.19202 23.87781 14.71532 16.46671 1 -20.14619 55.00000 30.33333 45 152
ljuto_P_skriboo_2019-9-17-12-42-22 4.62000 0.74199 0.25801 144.84168 570.97500 244.80529 5 4 0.37889 0.54950 0.13609 23.36770 26.53265 13.81998 15.80686 2 -1.69738 33.50000 79.50000 48 199
ljuto_P_skriboo_2019-9-17-12-42-48 3.86600 0.74496 0.25504 137.00348 328.84376 75.58581 8 7 0.40279 0.60920 0.15710 21.96400 27.48000 13.15137 15.96537 1 11.07259 81.00000 28.00000 35 172
ljuto_P_skriboo_2019-9-17-12-42-38 7.49700 0.53101 0.46899 87.47292 313.47338 47.56999 13 12 0.31381 0.50530 0.12451 15.93238 22.92008 14.51154 20.48959 2 3.59438 24.00000 37.33333 39 172
ljuto_P_skriboo_2019-9-17-12-42-57 4.19000 0.74558 0.25442 117.57525 443.32086 122.69904 8 7 0.37289 0.52740 0.13680 23.32353 28.54779 13.92939 16.82243 3 -1.75066 40.50000 25.66667 61 138
ljuto_P_skriboo_2019-9-17-12-43-15 4.30900 0.80460 0.19540 126.84264 341.91478 125.12052 7 6 0.38378 0.57000 0.13212 25.20072 29.96416 12.84226 15.05573 -1 5.35656 77.00000 46.00000 48 197
ljuto_P_skriboo_2019-9-17-12-43-23 4.30500 0.81672 0.18328 145.72611 456.93903 125.15008 6 5 0.37467 0.55340 0.12295 23.84615 29.46520 11.56814 13.64167 1 -6.75201 47.50000 29.00000 42 195
ljuto_P_skriboo_2019-9-17-12-43-32 4.93700 0.75329 0.24671 119.07000 341.42739 43.97177 12 11 0.36399 0.57920 0.14244 21.83283 28.48328 12.21128 15.80523 2 -6.51175 38.00000 23.00000 49 177
ljuto_P_skriboo_2019-9-17-12-43-41 4.90200 0.69033 0.30967 120.55569 346.34776 75.52471 6 5 0.42264 0.62680 0.14950 23.27397 28.16438 13.70906 16.66303 -1 18.78899 52.00000 22.00000 51 228
ljuto_P_skriboo_2019-9-17-12-43-51 4.51800 0.79858 0.20142 135.90222 512.67525 175.04878 7 6 0.38104 0.56320 0.14891 25.20979 31.13636 13.35105 15.83552 1 -23.12985 35.50000 33.00000 32 176
ljuto_P_skriboo_2019-9-17-12-43-7 4.89300 0.74249 0.25751 119.80802 338.47216 56.49445 10 9 0.34815 0.53230 0.12915 23.11250 28.89062 13.24095 16.34610 2 2.17403 40.00000 28.66667 44 181
ljuto_P_skriboo_2019-9-17-12-44-22 3.66000 0.80410 0.19590 155.88009 368.21472 35.98054 9 8 0.41790 0.64590 0.15621 19.69959 30.46502 9.59964 14.70853 -2 8.79586 79.00000 23.00000 65 189
ljuto_P_skriboo_2019-9-17-12-44-14 4.25900 0.77812 0.22188 135.89359 459.75611 158.04269 9 8 0.42085 0.68060 0.15017 19.23488 29.09964 11.05029 15.75405 1 -0.50333 27.00000 32.25000 60 155
ljuto_P_skriboo_2019-9-17-12-44-31 5.48100 0.69586 0.30414 114.43921 350.76612 36.79166 11 10 0.37350 0.59120 0.15531 23.17262 28.78274 13.92496 16.76894 -1 5.99155 35.50000 22.66667 54 152
ljuto_P_skriboo_2019-9-17-12-44-42 7.53800 0.43539 0.56461 85.55038 371.55521 81.95693 9 8 0.40944 0.64200 0.15427 14.97867 19.38389 14.74638 19.08873 -4 5.29293 38.00000 37.50000 74 199
sretno_P_skriboo_2019-9-17-13-25-51 5.81000 0.62633 0.37367 104.76433 298.07259 39.05781 8 7 0.24668 0.39250 0.08883 15.83934 17.79778 12.06978 13.66588 -1 -4.40947 47.50000 21.66667 74 177
sretno_P_skriboo_2019-9-17-13-26-1 5.40300 0.81788 0.18212 118.47095 387.30249 64.24814 7 6 0.32238 0.47720 0.10899 20.81287 23.95906 10.97264 11.56537 1 -8.59848 49.00000 27.66667 44 160
sretno_P_skriboo_2019-9-17-13-26-10 5.05500 0.75767 0.24233 118.67682 313.79452 44.67735 6 5 0.32664 0.57240 0.11458 22.35593 26.47458 12.85524 12.69227 1 -4.58628 40.50000 18.66667 64 146
sretno_P_skriboo_2019-9-17-13-26-19 4.28600 0.75362 0.24638 122.69215 297.82633 40.11600 7 6 0.31758 0.43880 0.10376 21.95255 24.45985 12.60943 13.91392 -1 4.35084 45.00000 16.33333 61 257
sretno_P_skriboo_2019-9-17-13-26-29 5.96400 0.79477 0.20523 104.69887 363.24895 64.75716 10 9 0.35353 0.53650 0.12469 20.26772 25.18110 11.29493 12.51825 1 -25.12895 43.00000 33.00000 54 186
sretno_P_skriboo_2019-9-17-13-26-38 4.84800 0.76753 0.23247 139.55378 394.22702 44.80122 6 5 0.32981 0.47760 0.11391 19.49675 27.39286 12.08938 15.25926 -1 2.03414 31.50000 37.00000 78 165
sretno_P_skriboo_2019-9-17-13-26-46 4.01800 0.78746 0.21254 128.08232 332.76806 67.99988 7 6 0.31038 0.49910 0.10088 21.27799 26.98456 12.42341 14.98060 -2 29.16410 40.50000 22.33333 72 147
sretno_P_skriboo_2019-9-17-13-27-12 3.99500 0.79925 0.20075 133.13690 338.21764 64.59520 7 6 0.31482 0.46200 0.10324 23.15769 26.18846 12.50367 13.78850 -1 -9.61422 45.00000 16.33333 53 165
sretno_P_skriboo_2019-9-17-13-26-55 5.78400 0.81760 0.18240 109.18060 338.16962 42.95113 8 7 0.33654 0.47110 0.09818 18.53659 25.55285 9.88243 12.80701 -1 -6.10081 39.50000 26.00000 51 190
sretno_P_skriboo_2019-9-17-13-27-21 5.22700 0.83604 0.16396 102.70426 339.85844 44.79730 6 5 0.31711 0.50750 0.11228 21.65060 25.16265 10.12780 11.29837 1 -9.63760 26.50000 26.66667 43 174
sretno_P_skriboo_2019-9-17-13-27-39 4.18500 0.78160 0.21840 151.05445 340.26951 59.59554 7 6 0.34936 0.50350 0.11654 18.83083 23.22180 11.13983 12.66013 -1 -13.28497 43.00000 15.66667 51 162
sretno_P_skriboo_2019-9-17-13-27-31 5.40500 0.73062 0.26938 114.35793 278.06619 52.66908 6 5 0.35319 0.50110 0.11228 18.33140 21.47674 12.37465 13.27768 -1 -7.32019 20.00000 17.66667 55 179
sretno_P_skriboo_2019-9-17-13-27-4 4.43700 0.83660 0.16340 144.62376 342.95110 64.49450 5 4 0.35766 0.50110 0.09327 22.56272 25.47312 11.98180 12.71202 -1 -1.23734 42.50000 15.66667 80 119
sretno_P_skriboo_2019-9-17-13-27-46 4.26800 0.83857 0.16143 143.68852 339.82401 61.49635 7 6 0.29874 0.44640 0.10009 18.10949 23.90146 10.38362 11.08018 -1 -3.51208 24.00000 28.50000 45 161
sretno_P_skriboo_2019-9-17-13-27-55 4.95100 0.83397 0.16603 121.66394 368.56904 86.68400 6 5 0.29394 0.53940 0.08805 19.97771 24.18471 10.70798 11.54229 -1 -14.05891 43.50000 26.00000 46 134
sretno_P_skriboo_2019-9-17-13-28-3 4.00800 0.77894 0.22106 115.89325 296.83815 47.75461 7 6 0.32028 0.47570 0.10054 19.98828 24.91797 11.20311 13.34303 -1 3.48442 44.00000 20.00000 63 185
sretno_P_skriboo_2019-9-17-13-28-21 5.97900 0.81351 0.18649 117.41126 375.49408 58.25256 9 8 0.34038 0.46350 0.10592 20.09499 25.71240 11.31331 12.58554 -1 -22.01637 44.00000 25.66667 54 179
sretno_P_skriboo_2019-9-17-13-28-11 4.20700 0.80105 0.19895 150.75234 351.27478 68.18572 8 7 0.34256 0.53970 0.13508 18.75277 24.21771 10.33556 11.93255 -2 1.20564 35.50000 26.00000 58 187
sretno_P_skriboo_2019-9-17-13-28-30 4.40900 0.81946 0.18054 149.14017 372.99863 39.12632 8 7 0.38760 0.56100 0.12713 25.23488 29.29893 12.87391 13.43648 -1 15.85342 39.50000 27.00000 66 164
sretno_P_skriboo_2019-9-17-13-28-39 5.04200 0.75982 0.24018 128.64846 332.42497 73.61010 7 6 0.38170 0.53960 0.13313 21.24383 26.75309 13.31004 15.63855 -1 1.65539 41.50000 31.00000 61 201
sretno_P_skriboo_2019-9-17-13-28-48 5.70000 0.81333 0.18667 116.02895 393.36305 59.65271 8 7 0.36156 0.50860 0.12300 20.59615 25.92857 12.90436 13.72438 -1 -8.58933 31.50000 23.00000 58 201
sretno_P_skriboo_2019-9-17-13-28-57 4.45900 0.80601 0.19399 136.32899 357.85374 40.70746 7 6 0.35281 0.49990 0.11157 23.61458 29.80208 13.42916 15.43557 -1 -0.45937 34.00000 23.00000 72 138
sretno_P_skriboo_2019-9-17-13-29-16 5.22500 0.85110 0.14890 122.20176 419.21948 149.52863 10 9 0.37672 0.54680 0.11861 20.60350 28.31778 10.57389 12.19294 1 -0.77578 33.00000 41.00000 57 165
sretno_P_skriboo_2019-9-17-13-29-25 4.04400 0.85658 0.14342 139.55966 375.04318 49.64455 6 5 0.36136 0.51670 0.11641 23.74615 31.59615 11.09232 13.33596 -1 -12.86369 40.00000 20.33333 70 223
sretno_P_skriboo_2019-9-17-13-29-33 4.59600 0.84182 0.15818 138.73986 324.66062 30.93106 6 5 0.36127 0.51060 0.11537 20.73540 28.65292 11.97103 13.19116 -1 -10.57718 30.00000 15.00000 63 217
sretno_P_skriboo_2019-9-17-13-29-42 5.07100 0.86768 0.13232 115.39775 386.83391 90.41182 10 9 0.32882 0.55270 0.12358 23.84259 27.00926 11.52182 11.27299 1 -14.37596 22.50000 29.00000 46 176
sretno_P_skriboo_2019-9-17-13-29-59 4.79000 0.76096 0.23904 121.14038 277.93912 65.55678 7 6 0.32137 0.49720 0.12296 20.56863 24.94771 12.57151 14.06812 -1 -5.29226 33.50000 13.25000 51 186
sretno_P_skriboo_2019-9-17-13-29-50 4.50700 0.72820 0.27180 132.58000 403.22800 88.90385 8 7 0.31959 0.45980 0.10844 19.67354 24.32990 13.55652 15.44672 -1 -6.70325 22.00000 23.00000 53 175
sretno_P_skriboo_2019-9-17-13-29-7 4.52800 0.80212 0.19788 142.84609 351.67312 32.17086 5 4 0.36798 0.50670 0.12008 20.26502 27.66784 11.98745 13.95418 1 -5.62511 32.50000 41.00000 68 219
sretno_P_skriboo_2019-9-17-13-30-17 4.19300 0.80515 0.19485 129.74931 291.25857 44.71239 7 6 0.33391 0.48930 0.11148 25.62642 26.36604 12.73506 13.00546 -1 -22.66295 30.50000 19.00000 56 224
tuzno_P_skriboo_2019-9-17-13-10-27 4.40500 0.77480 0.22520 144.31964 322.86370 45.54005 12 11 0.26810 0.43510 0.11037 14.05743 20.96622 9.57504 12.01125 -1 2.90199 40.50000 17.25000 52 256
tuzno_P_skriboo_2019-9-17-13-10-19 5.46400 0.84700 0.15300 114.06164 302.87658 54.58273 7 6 0.27409 0.40180 0.09417 17.49855 20.90725 9.02649 9.89407 2 -18.62851 34.50000 25.50000 56 211
tuzno_P_skriboo_2019-9-17-13-10-35 4.84700 0.85022 0.14978 117.03696 299.25568 61.46750 9 8 0.25763 0.39730 0.09779 17.06646 24.59494 8.76892 11.08612 1 -11.10337 32.00000 29.00000 42 192
tuzno_P_skriboo_2019-9-17-13-10-44 5.20900 0.86120 0.13880 129.85519 325.51930 42.81466 7 6 0.26560 0.38630 0.08712 15.77341 21.49547 8.03704 9.75716 1 0.95414 33.50000 36.50000 41 200
tuzno_P_skriboo_2019-9-17-13-10-52 4.19200 0.78077 0.21923 153.31737 348.40826 58.33505 10 9 0.23293 0.39270 0.09174 15.20652 18.95652 9.34962 10.59940 -1 -7.92205 31.33333 14.40000 55 184
tuzno_P_skriboo_2019-9-17-13-10-9 4.65100 0.83057 0.16943 110.81552 301.52154 69.10232 8 7 0.25349 0.39780 0.09146 17.49000 19.93333 9.56739 9.97768 -1 1.24066 10.66667 21.00000 44 241
tuzno_P_skriboo_2019-9-17-13-11-10 5.55700 0.88699 0.11301 121.16398 303.64404 39.92838 6 5 0.27529 0.39120 0.08303 18.43266 22.29513 9.09712 9.26131 1 -17.68674 42.00000 30.66667 51 162
tuzno_P_skriboo_2019-9-17-13-11-20 4.97700 0.77275 0.22725 115.91116 271.88771 27.18528 11 10 0.25912 0.39490 0.10001 16.59568 22.62963 9.76219 12.21525 1 0.92018 44.00000 31.50000 54 220
tuzno_P_skriboo_2019-9-17-13-11-1 4.86400 0.79729 0.20271 128.97508 352.98112 61.71920 10 9 0.25631 0.39410 0.10070 16.54114 23.26899 9.99563 11.93423 1 -5.38346 19.66667 26.00000 46 197
tuzno_P_skriboo_2019-9-17-13-11-29 4.91400 0.85714 0.14286 109.41690 293.82537 122.65868 8 7 0.25813 0.39660 0.08941 19.85256 26.04808 9.63134 11.34327 1 -10.48480 19.50000 33.00000 42 157
tuzno_P_skriboo_2019-9-17-13-11-38 5.27900 0.87251 0.12749 115.27505 308.60068 41.90250 6 5 0.33390 0.45250 0.09766 19.16918 20.51964 8.47859 8.99674 1 -2.21391 32.00000 25.00000 49 178
tuzno_P_skriboo_2019-9-17-13-11-46 4.43900 0.75197 0.24803 122.09719 306.73768 48.39778 10 9 0.21329 0.33680 0.08483 14.74564 19.26132 9.64155 11.43749 -1 -7.88097 35.50000 21.33333 54 233
tuzno_P_skriboo_2019-9-17-13-12-14 4.34500 0.76456 0.23544 124.03634 281.51550 49.25525 11 10 0.27572 0.39030 0.10082 16.63542 21.65972 10.04393 12.36081 -1 -2.64146 26.00000 20.00000 60 173
tuzno_P_skriboo_2019-9-17-13-11-54 4.60100 0.82786 0.17214 131.39103 360.04972 64.86043 10 9 0.21895 0.35870 0.08799 4.19269 20.17940 11.01103 10.06285 -1 -13.18619 36.50000 20.00000 60 164
tuzno_P_skriboo_2019-9-17-13-12-22 5.02800 0.82717 0.17283 118.78685 313.39886 66.26499 9 8 0.23097 0.36000 0.08576 16.84472 24.62112 8.90032 11.74094 -1 10.68923 22.33333 23.33333 45 205
tuzno_P_skriboo_2019-9-17-13-12-32 5.29800 0.84183 0.15817 120.82873 287.63923 72.52462 7 6 0.24475 0.36270 0.08405 14.81009 23.02077 8.49927 10.60504 -1 -7.82112 1.00000 15.00000 58 194
tuzno_P_skriboo_2019-9-17-13-12-40 4.25000 0.80447 0.19553 120.76505 324.40522 26.86202 9 8 0.27326 0.40130 0.10390 20.44203 28.03986 10.92688 13.72225 -1 11.81904 26.00000 32.50000 59 255
tuzno_P_skriboo_2019-9-17-13-12-4 6.06100 0.81043 0.18957 104.77482 315.12247 65.05175 10 9 0.23991 0.42790 0.08259 9.74485 21.96907 10.51832 12.52549 -1 -1.44733 36.50000 50.50000 64 146
tuzno_P_skriboo_2019-9-17-13-12-48 5.04000 0.80456 0.19544 110.52344 289.70811 57.02814 8 7 0.25987 0.38510 0.08874 13.88854 23.77709 8.64266 13.26275 0 -3.88296 31.00000 23.66667 45 241
tuzno_P_skriboo_2019-9-17-13-12-58 5.09200 0.84171 0.15829 120.24857 280.56447 74.59462 8 7 0.27941 0.40690 0.08716 12.92988 22.88415 8.39240 11.71209 -1 -4.86078 30.50000 13.50000 45 187
tuzno_P_skriboo_2019-9-17-13-3-58 5.60300 0.65840 0.34160 102.77398 306.55957 53.60820 13 12 0.22631 0.40800 0.09609 15.68108 15.43784 11.14433 11.58626 -1 5.53010 41.00000 28.00000 44 169
tuzno_P_skriboo_2019-9-17-13-4-18 5.70600 0.82334 0.17666 97.78843 272.45945 72.54365 10 9 0.24067 0.32430 0.08185 22.50546 15.85246 11.47331 7.82725 1 -12.36827 36.50000 17.00000 55 236
tuzno_P_skriboo_2019-9-17-13-4-26 4.78900 0.76237 0.23763 113.33602 266.04201 58.78564 9 8 0.22314 0.34120 0.08098 22.50645 14.09032 12.89859 8.59357 -1 -6.06489 45.50000 26.50000 44 243
tuzno_P_skriboo_2019-9-17-13-4-37 5.62300 0.74089 0.25911 92.13963 277.17659 58.80668 12 11 0.22542 0.34190 0.08293 17.43869 13.96458 11.22891 8.83772 1 6.17829 11.50000 30.66667 43 268
tuzno_P_skriboo_2019-9-17-13-4-48 5.73600 0.80631 0.19369 103.68622 260.12428 24.29729 8 7 0.24662 0.37060 0.08566 19.28571 15.54121 10.02673 8.41460 -1 -28.88090 35.50000 33.50000 46 234
tuzno_P_skriboo_2019-9-17-13-4-57 4.52600 0.77618 0.22382 129.00379 300.07595 38.91856 9 8 0.25978 0.45250 0.09772 18.88851 14.83784 10.88917 8.34677 -1 -2.22705 29.50000 25.50000 51 234
tuzno_P_skriboo_2019-9-17-13-5-24 4.37300 0.78116 0.21884 125.23676 301.53568 66.32688 11 10 0.25955 0.40100 0.10183 20.28571 16.42857 11.72378 9.53993 -1 -16.99547 18.50000 19.50000 56 211
tuzno_P_skriboo_2019-9-17-13-5-16 5.33500 0.85773 0.14227 127.34358 331.48081 58.47001 7 6 0.29237 0.41440 0.09903 18.92878 14.55490 10.01699 7.10282 1 -11.06850 34.00000 37.00000 64 198
tuzno_P_skriboo_2019-9-17-13-4-8 5.87700 0.74902 0.25098 94.23343 293.89506 54.22912 10 9 0.23737 0.38420 0.08625 20.21333 16.67733 12.04747 10.06927 1 2.97520 34.50000 25.66667 57 219
tuzno_P_skriboo_2019-9-17-13-5-32 4.95200 0.79059 0.20941 121.67076 311.16372 49.48009 11 10 0.25371 0.39340 0.09100 17.47975 16.90343 10.73489 9.56426 -1 -7.25442 31.50000 22.66667 52 244
ljuto_K_skriboo_2019-9-17-14-10-14 7.00000 0.67957 0.32043 78.38869 289.41577 54.86033 14 13 0.31084 0.60180 0.12790 18.66290 18.84615 12.26343 12.11505 2 18.56513 34.00000 22.00000 55 203
ljuto_K_skriboo_2019-9-17-14-10-4 5.25100 0.72386 0.27614 80.37478 282.06086 77.86860 10 9 0.32834 0.56680 0.12754 19.34524 18.91964 11.68006 11.52866 3 -3.69401 33.50000 18.66667 58 179
ljuto_K_skriboo_2019-9-17-14-10-21 5.17000 0.65397 0.34603 89.47390 303.12541 74.37200 10 9 0.31146 0.57460 0.11883 19.45151 20.15719 11.47890 11.86552 -1 22.56595 45.00000 23.00000 61 208
ljuto_K_skriboo_2019-9-17-14-10-31 4.81500 0.74953 0.25047 91.83173 312.99636 104.80918 11 10 0.32596 0.52550 0.12359 19.97460 20.00635 11.45161 11.46026 4 -1.53337 37.50000 27.66667 82 221
ljuto_K_skriboo_2019-9-17-14-10-41 7.08300 0.65777 0.34223 82.66300 289.44891 64.32275 14 13 0.34208 0.54510 0.12909 18.58797 18.60579 12.84530 12.68288 3 10.79022 30.00000 21.33333 60 213
ljuto_K_skriboo_2019-9-17-14-10-47 4.26800 0.76359 0.23641 91.58108 451.05450 363.21591 9 8 0.31885 0.58220 0.12723 19.22939 19.38710 10.68976 10.56807 -1 11.08421 43.00000 22.00000 62 194
ljuto_K_skriboo_2019-9-17-14-10-54 4.83400 0.75528 0.24472 104.96406 333.06654 138.95115 10 9 0.34784 0.56820 0.12638 18.26498 18.73186 10.37733 10.46214 1 3.13788 44.00000 37.00000 63 196
ljuto_K_skriboo_2019-9-17-14-11-21 5.41200 0.68367 0.31633 92.11284 303.65155 102.02768 11 10 0.33970 0.57950 0.13204 16.73669 18.37574 10.88564 11.51277 2 3.05400 38.00000 28.00000 64 204
ljuto_K_skriboo_2019-9-17-14-11-13 4.34800 0.74609 0.25391 91.90916 322.97472 77.46385 8 7 0.34900 0.56940 0.12361 20.21127 20.00704 11.81742 11.68763 1 10.20819 40.00000 39.00000 55 215
ljuto_K_skriboo_2019-9-17-14-11-30 6.53900 0.70668 0.29332 81.94584 269.74664 88.64629 15 14 0.33622 0.62560 0.13333 17.34873 19.10855 11.48029 12.15352 -1 4.67457 36.00000 22.66667 55 190
ljuto_K_skriboo_2019-9-17-14-11-36 4.48700 0.71273 0.28727 81.72039 283.47578 67.06421 9 8 0.33261 0.59530 0.12872 20.91071 19.75000 12.28671 11.57715 2 11.06097 48.00000 25.50000 56 212
ljuto_K_skriboo_2019-9-17-14-11-45 5.16900 0.70304 0.29696 93.69280 324.21431 126.06733 10 9 0.33173 0.56990 0.12549 18.11276 19.18991 11.62864 12.16673 2 4.92840 50.50000 22.33333 79 236
ljuto_K_skriboo_2019-9-17-14-11-6 6.82400 0.69461 0.30539 86.37567 301.43296 82.39945 14 13 0.33597 0.55760 0.12844 16.81473 18.04464 10.75699 11.49896 2 -2.81037 44.00000 25.33333 62 212
ljuto_K_skriboo_2019-9-17-14-11-56 7.14400 0.65244 0.34756 79.06077 282.20333 67.42670 15 14 0.31286 0.66200 0.12436 19.05656 17.90045 12.34147 11.48415 2 2.37579 45.00000 23.33333 54 200
ljuto_K_skriboo_2019-9-17-14-12-10 4.82300 0.70827 0.29173 97.89362 341.13036 129.34966 11 10 0.31570 0.53630 0.11576 18.06329 18.87025 11.42800 11.75567 -1 4.88240 46.00000 23.66667 75 261
ljuto_K_skriboo_2019-9-17-14-12-20 7.21400 0.63640 0.36360 83.99937 285.94223 68.15724 15 14 0.33094 0.64470 0.13757 18.39496 19.10294 13.28979 13.69748 1 16.18242 34.00000 19.66667 48 232
ljuto_K_skriboo_2019-9-17-14-12-3 4.17300 0.74359 0.25641 87.71791 325.09254 72.46895 9 8 0.34702 0.63250 0.13006 20.35556 19.08889 11.63348 11.73497 1 14.92171 32.00000 24.00000 52 268
ljuto_K_skriboo_2019-9-17-14-12-26 4.04800 0.78014 0.21986 95.64345 303.09546 68.29597 9 8 0.33432 0.61620 0.12346 20.53788 21.29924 11.36428 11.68330 1 17.48945 41.00000 28.00000 56 255
ljuto_K_skriboo_2019-9-17-14-12-34 5.74500 0.64700 0.35300 89.59393 350.42427 140.97978 11 10 0.35354 0.63570 0.13839 18.02965 19.31267 12.76912 13.45279 -1 13.03892 42.00000 36.66667 67 291
ljuto_K_skriboo_2019-9-17-14-12-44 6.76600 0.67351 0.32649 85.24408 300.83729 87.88887 14 13 0.32608 0.56710 0.12834 19.32333 21.10855 12.61528 13.69306 -1 24.97647 51.50000 25.66667 65 243
ljuto_K_skriboo_2019-9-17-14-12-51 4.45400 0.70633 0.29367 88.09078 329.26291 95.11782 10 9 0.33497 0.63830 0.13262 16.90657 19.74740 10.66967 12.57734 2 6.82098 44.00000 50.00000 63 225
ljuto_K_skriboo_2019-9-17-14-13-10 6.47100 0.68258 0.31742 77.30467 306.97844 85.27266 15 14 0.32412 0.62390 0.13362 18.32564 21.89607 12.27153 14.41131 -1 -11.23901 23.00000 26.00000 68 221
ljuto_K_skriboo_2019-9-17-14-12-52 4.45400 0.70633 0.29367 88.09078 329.26291 95.11782 10 9 0.33497 0.63830 0.13262 16.90657 19.74740 10.66967 12.57734 2 6.82098 44.00000 50.00000 63 225
ljuto_K_skriboo_2019-9-17-14-13-17 4.29600 0.72230 0.27770 90.21715 319.60204 99.47300 10 9 0.30735 0.57040 0.11821 18.97527 21.76678 11.78333 13.23071 -1 -6.68408 33.00000 21.50000 51 295
ljuto_K_skriboo_2019-9-17-14-13-0 4.98600 0.70919 0.29081 93.42004 330.43432 135.20518 11 10 0.34807 0.60440 0.12994 18.11550 19.06383 11.66185 12.07139 1 6.60147 32.50000 39.50000 77 240
ljuto_K_skriboo_2019-9-17-14-13-25 5.06700 0.69943 0.30057 99.58697 359.78786 115.07464 11 10 0.36747 0.61020 0.14223 19.06269 19.17015 12.29913 12.28958 1 8.48058 35.00000 25.33333 74 232
ljuto_K_skriboo_2019-9-17-14-13-49 4.83400 0.72921 0.27079 105.69962 337.37716 114.76878 10 9 0.33901 0.59530 0.12970 17.60443 18.31329 10.56402 10.97038 1 6.95656 35.00000 39.00000 59 231
ljuto_K_skriboo_2019-9-17-14-13-42 3.82600 0.77627 0.22373 109.58248 344.11849 105.21861 9 8 0.34963 0.65050 0.12833 19.22441 22.79528 10.50620 12.31076 -1 3.29967 18.00000 31.50000 64 232
ljuto_K_skriboo_2019-9-17-14-13-58 6.49600 0.66933 0.33067 83.36240 286.00671 85.34150 15 14 0.31456 0.66200 0.13627 18.84065 21.53580 12.60658 14.32200 -1 3.62112 34.00000 24.66667 60 222
ljuto_K_skriboo_2019-9-17-14-13-36 6.72100 0.66642 0.33358 88.29307 304.34104 97.33785 15 14 0.33701 0.67820 0.13656 17.46119 18.80594 12.36060 12.71718 -1 6.28301 31.00000 23.33333 51 207
sretno_K_skriboo_2019-9-19-11-26-43 6.29300 0.63388 0.36612 69.56170 264.31360 66.66940 12 11 0.27787 0.54950 0.12059 18.25990 15.14851 13.16942 10.87455 -1 -8.18203 38.50000 24.00000 56 174
sretno_K_skriboo_2019-9-19-11-27-39 6.76300 0.59042 0.40958 66.24057 279.09665 76.53665 12 11 0.31092 0.62910 0.11672 17.82809 19.92494 13.53930 14.91925 -1 19.23354 33.00000 23.66667 65 189
sretno_K_skriboo_2019-9-19-11-27-25 6.16100 0.70265 0.29735 74.01778 253.11382 57.26260 11 10 0.27540 0.51260 0.10915 22.64010 18.57584 13.84279 11.45487 1 3.53708 39.00000 21.00000 64 219
sretno_K_skriboo_2019-9-19-11-27-15 9.02400 0.50377 0.49623 56.64992 257.03547 85.27322 17 16 0.24999 0.40540 0.10421 19.33333 16.59510 15.74310 13.62517 4 21.85380 39.00000 24.00000 49 191
sretno_K_skriboo_2019-9-19-11-27-50 7.09100 0.64617 0.35383 67.22366 275.25951 54.53729 16 15 0.27903 0.47250 0.11174 18.27876 16.95575 12.93056 11.60464 -1 20.26709 30.50000 22.66667 54 182
sretno_K_skriboo_2019-9-19-11-27-53 7.09100 0.64617 0.35383 67.22366 275.25951 54.53729 16 15 0.27903 0.47250 0.11174 18.27876 16.95575 12.93056 11.60464 -1 20.26709 30.50000 22.66667 54 182
sretno_K_skriboo_2019-9-19-11-28-12 6.26300 0.63931 0.36069 82.42774 283.16064 73.01171 12 11 0.34544 0.62490 0.12516 19.26010 19.80808 13.83650 13.87078 -1 16.72978 45.00000 23.66667 59 174
sretno_K_skriboo_2019-9-19-11-28-2 5.82200 0.70955 0.29045 83.49068 286.88937 59.58504 10 9 0.34520 0.56220 0.12275 20.66111 19.11667 12.34042 10.88598 1 6.93497 35.50000 18.33333 37 226
sretno_K_skriboo_2019-9-19-11-28-34 6.88400 0.62783 0.37217 76.24955 283.90098 68.06651 11 10 0.33463 0.53800 0.11858 19.84328 21.14677 12.88227 13.74567 1 4.87395 42.50000 18.00000 69 219
sretno_K_skriboo_2019-9-19-11-28-23 7.30500 0.63381 0.36619 65.83763 287.19164 75.43422 18 17 0.28295 0.46860 0.11212 17.45697 19.64754 12.74736 14.04506 -1 19.18031 27.00000 15.33333 63 210
sretno_K_skriboo_2019-9-19-11-28-45 6.08800 0.63978 0.36022 82.03992 277.47846 62.96862 12 11 0.30967 0.57390 0.11983 19.16188 21.64752 13.73782 15.17450 1 15.85271 39.50000 28.50000 55 199
sretno_K_skriboo_2019-9-19-11-29-3 6.01900 0.68001 0.31999 80.37991 303.80545 76.51321 12 11 0.29540 0.49470 0.10507 22.66848 24.20109 13.65391 14.32734 1 8.85502 38.00000 18.00000 39 258
sretno_K_skriboo_2019-9-19-11-29-50 6.25500 0.67978 0.32022 77.80916 264.64009 56.68824 12 11 0.31879 0.52770 0.11665 23.05250 22.15750 15.04978 14.47001 1 -10.10024 29.00000 17.66667 58 224
sretno_K_skriboo_2019-9-19-11-29-13 6.03700 0.62465 0.37535 71.55501 293.05841 87.65366 12 11 0.30511 0.62950 0.11925 22.44211 23.09211 16.00064 16.32663 -1 20.16236 39.50000 39.00000 46 210
sretno_K_skriboo_2019-9-19-11-28-54 6.97800 0.65191 0.34809 65.87441 302.16795 74.99346 16 15 0.27857 0.48550 0.10658 17.77802 21.40220 12.47681 14.72130 1 13.41279 30.50000 21.66667 60 224
sretno_K_skriboo_2019-9-19-11-29-41 8.06900 0.57454 0.42546 55.69110 254.93929 64.90572 16 15 0.27772 0.51770 0.11198 19.38803 16.83205 15.41703 13.39479 1 12.02055 32.50000 24.33333 38 236
sretno_K_skriboo_2019-9-19-11-30-28 6.08900 0.67959 0.32041 75.53220 274.77705 89.20294 11 10 0.30402 0.56170 0.11383 22.76762 20.85117 14.72046 13.50766 2 13.07482 37.00000 34.50000 56 254
sretno_K_skriboo_2019-9-19-11-30-17 7.53000 0.59376 0.40624 62.34041 282.45038 79.79456 18 17 0.28688 0.49910 0.10830 19.20039 18.26326 15.23901 14.62206 3 11.97773 33.50000 20.66667 67 255
sretno_K_skriboo_2019-9-19-11-30-40 6.62800 0.60788 0.39212 69.69389 240.89970 46.88452 13 12 0.31467 0.53720 0.11494 18.87351 18.53461 13.78130 13.49005 -1 1.39497 33.00000 21.33333 56 286
sretno_K_skriboo_2019-9-19-11-30-6 9.79500 0.41409 0.58591 42.00718 278.15728 74.13458 13 12 0.32656 0.64000 0.13014 14.77627 13.38983 15.91576 14.48460 3 14.62463 31.50000 29.50000 60 221
sretno_K_skriboo_2019-9-19-11-30-51 6.79100 0.66588 0.33412 66.68257 256.10359 91.92566 17 16 0.32403 0.52430 0.12683 18.59184 20.14966 12.43460 13.29646 2 13.04469 44.00000 30.66667 43 215
sretno_K_skriboo_2019-9-19-11-31-1 6.28700 0.68347 0.31653 69.94718 250.27755 55.55011 11 10 0.32665 0.58780 0.11888 20.71144 18.95771 13.42129 12.29706 1 4.96800 35.00000 26.66667 57 243
sretno_K_skriboo_2019-9-19-11-31-40 6.39900 0.63213 0.36787 73.08346 329.85171 93.24129 12 11 0.33430 0.59560 0.12262 22.20955 23.72679 14.14744 15.22097 5 3.94576 27.00000 37.50000 93 228
sretno_K_skriboo_2019-9-19-11-31-20 6.05000 0.65818 0.34182 74.03216 278.01168 55.79677 13 12 0.31876 0.55850 0.11480 21.64599 21.18863 14.63657 14.22845 1 19.62034 44.00000 22.00000 52 223
sretno_K_skriboo_2019-9-19-11-31-31 6.84400 0.65459 0.34541 61.05594 265.93157 49.66716 15 14 0.31516 0.50960 0.11762 20.12135 20.93034 13.48184 14.14188 3 -1.46624 33.00000 20.00000 62 209
sretno_K_skriboo_2019-9-19-11-31-50 6.31400 0.63969 0.36031 72.58550 292.40859 78.04225 11 10 0.33569 0.64030 0.12728 20.11646 19.60759 13.73874 13.55438 3 17.31629 31.00000 34.50000 61 197
sretno_K_skriboo_2019-9-19-11-32-8 5.92400 0.70746 0.29254 77.54064 307.74848 57.74824 8 7 0.33420 0.53800 0.11892 22.64835 21.86264 13.37023 13.01082 2 12.54879 39.50000 19.33333 79 257
sretno_K_skriboo_2019-9-19-11-32-38 6.50900 0.65955 0.34045 74.37095 305.90907 72.77861 10 9 0.35555 0.54580 0.12303 24.00495 23.32426 16.15004 15.69471 2 20.41209 38.00000 27.66667 68 211
sretno_K_skriboo_2019-9-19-11-32-18 6.34100 0.66251 0.33749 78.93509 258.45688 56.73350 11 10 0.34598 0.60300 0.12405 21.54612 21.04612 14.81386 14.54133 2 13.15258 53.50000 24.00000 53 246
sretno_K_skriboo_2019-9-19-11-32-0 6.80500 0.66275 0.33725 68.29215 286.04242 116.04539 16 15 0.31796 0.49090 0.11893 19.36343 20.54628 13.35594 14.33912 2 18.81479 41.50000 21.33333 42 235
tuzno_K_skriboo_2019-9-19-10-55-57 6.26000 0.65527 0.34473 63.04206 245.73120 60.10128 14 13 0.30493 0.76980 0.13861 21.09353 17.02878 14.92943 12.21912 -1 18.09738 33.00000 21.33333 63 133
tuzno_K_skriboo_2019-9-19-10-56-28 6.89600 0.59034 0.40966 58.56459 211.19040 42.41987 14 13 0.23129 0.42930 0.09725 17.42539 19.17817 13.96470 15.21305 1 22.70900 34.50000 20.66667 49 210
tuzno_K_skriboo_2019-9-19-10-56-18 6.73500 0.70913 0.29087 62.01837 237.97272 71.82810 13 12 0.27929 0.44760 0.10043 22.35664 20.02098 13.22685 11.88209 2 -15.13285 22.00000 18.00000 64 194
tuzno_K_skriboo_2019-9-19-10-57-0 7.78000 0.55591 0.44409 49.47514 185.51938 55.04297 17 16 0.22344 0.43180 0.09592 16.21456 16.04789 13.81562 13.62803 2 28.53718 32.50000 18.33333 42 170
tuzno_K_skriboo_2019-9-19-10-56-8 7.05600 0.64144 0.35856 55.90696 208.97325 57.14063 17 16 0.24676 0.48570 0.10463 19.14885 16.34591 14.13949 12.28067 1 19.32584 34.50000 19.66667 46 157
tuzno_K_skriboo_2019-9-19-10-57-11 6.56900 0.69265 0.30735 64.37575 241.44995 54.06394 12 11 0.28455 0.46980 0.10345 19.03981 18.90164 12.53711 12.46685 1 2.77964 30.00000 25.00000 59 207
tuzno_K_skriboo_2019-9-19-10-57-22 6.18300 0.63286 0.36714 65.39316 212.21259 50.22785 14 13 0.27382 0.49640 0.10803 18.46229 18.61071 13.52758 13.55924 2 17.20418 38.50000 20.00000 53 194
tuzno_K_skriboo_2019-9-19-10-57-41 6.23900 0.75381 0.24619 67.91280 237.98458 79.35218 12 11 0.28487 0.53940 0.10548 21.93120 19.71990 12.63139 11.51611 2 8.90030 33.50000 32.50000 73 249
tuzno_K_skriboo_2019-9-19-10-57-52 6.60500 0.66540 0.33460 65.02396 205.01319 54.89688 14 13 0.27977 0.52360 0.11429 19.28738 20.32243 13.13037 13.76224 1 23.30343 40.50000 19.00000 44 207
tuzno_K_skriboo_2019-9-19-10-57-32 6.77700 0.62447 0.37553 67.50952 226.86719 82.35872 15 14 0.27337 0.49230 0.10950 16.89583 15.08102 12.25070 10.94006 3 31.29992 44.50000 17.66667 46 230
tuzno_K_skriboo_2019-9-19-10-58-2 6.66700 0.67962 0.32038 60.58684 226.34175 57.71389 13 12 0.26764 0.43400 0.10465 19.44787 19.45024 12.92977 12.74158 2 17.61654 37.00000 23.50000 47 248
tuzno_K_skriboo_2019-9-19-10-58-21 6.06300 0.68992 0.31008 64.43417 205.57249 47.92102 13 12 0.24537 0.44690 0.09935 21.28250 20.25250 13.73898 13.12724 2 20.99055 32.00000 26.00000 50 207
tuzno_K_skriboo_2019-9-19-10-58-41 6.67500 0.71236 0.28764 72.83995 259.15593 65.83169 13 12 0.29594 0.52110 0.10445 21.26959 21.42166 13.69070 13.55323 2 16.96871 34.00000 21.66667 70 229
tuzno_K_skriboo_2019-9-19-10-58-12 6.55900 0.71977 0.28023 70.61041 230.91589 66.55130 13 12 0.26236 0.44690 0.09094 23.00000 22.63403 13.82585 13.60590 2 13.27735 25.50000 27.33333 54 249
tuzno_K_skriboo_2019-9-19-10-58-32 7.09200 0.65680 0.34320 58.26143 236.13853 65.63006 15 14 0.24273 0.43640 0.09868 19.24262 18.82278 13.72434 13.32685 4 15.65553 39.00000 27.00000 51 231
tuzno_K_skriboo_2019-9-19-10-59-18 6.36600 0.73578 0.26422 67.06268 224.78424 61.48030 12 11 0.28070 0.47370 0.09974 20.91566 19.42892 12.55404 11.60914 3 19.91452 28.00000 15.00000 70 239
tuzno_K_skriboo_2019-9-19-10-59-27 6.33700 0.67161 0.32839 63.18403 204.85447 63.06925 14 13 0.27387 0.53720 0.11775 19.81995 17.47689 12.88833 11.36903 1 27.46835 31.50000 20.00000 50 220
tuzno_K_skriboo_2019-9-19-10-59-39 7.26200 0.64115 0.35885 55.45609 209.82450 61.20104 15 14 0.23939 0.43370 0.09400 18.97490 17.69874 13.38870 12.47611 2 12.05928 34.50000 16.00000 42 215
tuzno_K_skriboo_2019-9-19-10-58-58 11.14200 0.37596 0.62404 67.37249 205.63962 53.12994 14 13 0.27295 0.47210 0.10077 12.24365 12.44843 14.48080 14.61079 1 22.84959 38.00000 28.00000 45 209
tuzno_K_skriboo_2019-9-19-10-59-50 6.86100 0.70573 0.29427 71.30580 239.12492 63.72037 14 13 0.29158 0.53920 0.10794 21.27130 20.74664 13.27853 12.83835 2 20.15998 33.00000 19.00000 57 231
tuzno_K_skriboo_2019-9-19-11-0-25 7.16000 0.68184 0.31816 67.30407 224.45140 63.21281 12 11 0.31427 0.51640 0.11142 18.24043 18.60000 12.50738 12.51650 1 4.95019 32.00000 24.33333 49 281
tuzno_K_skriboo_2019-9-19-10-59-8 7.01900 0.62673 0.37327 56.75117 194.53642 44.73389 16 15 0.23397 0.44200 0.09145 18.22581 18.18925 13.52100 13.45613 2 15.57699 31.00000 15.33333 54 272
tuzno_K_skriboo_2019-9-19-11-0-3 6.65500 0.62434 0.37566 69.03962 245.43291 73.51326 15 14 0.28956 0.53890 0.11238 18.04545 18.60682 13.33783 13.61821 4 24.06136 39.50000 19.66667 47 204
tuzno_K_skriboo_2019-9-19-11-0-37 7.99300 0.59465 0.40535 50.34267 198.49105 36.77049 13 12 0.28017 0.53990 0.10922 17.58891 16.73805 13.88918 13.12751 2 15.99678 29.50000 17.33333 42 250
tuzno_K_skriboo_2019-9-19-11-0-15 6.98600 0.64930 0.35070 59.83504 246.82337 72.00460 15 14 0.28259 0.47250 0.10664 18.20215 19.08387 13.12974 13.74190 3 21.00503 32.00000 21.33333 52 268
tuzno_K_skriboo_2019-9-19-11-1-1 6.48500 0.72043 0.27957 75.42726 249.46554 55.58916 13 12 0.30291 0.55170 0.11339 19.20574 19.67943 12.07434 11.91105 1 -4.46417 32.00000 20.33333 53 299
tuzno_K_skriboo_2019-9-19-11-1-11 6.27700 0.69269 0.30731 68.38124 233.25261 63.84786 13 12 0.28865 0.53840 0.11511 20.50976 20.39756 13.36075 13.23053 5 9.48413 34.00000 23.00000 82 298
tuzno_K_skriboo_2019-9-19-11-0-51 7.30200 0.61545 0.38455 55.91985 250.52429 77.42566 15 14 0.26869 0.47610 0.10220 19.64990 19.65618 14.93336 14.77689 4 26.75554 35.50000 20.50000 60 296
tuzno_K_skriboo_2019-9-19-11-1-35 7.77300 0.64235 0.35765 65.57380 252.83084 75.55338 12 11 0.31865 0.57340 0.11757 16.73948 19.31663 12.56966 14.27526 1 6.35837 27.50000 19.00000 62 287
tuzno_K_skriboo_2019-9-19-11-1-22 7.48500 0.61844 0.38156 54.97324 232.32868 72.75696 17 16 0.26818 0.49960 0.10862 19.62903 18.41129 14.65824 13.66660 2 25.88585 29.50000 18.66667 57 270
